3,2
3,1
3,3
10,211
10,221
10,65
10,171
10,181
10,207
10,105
9,5
9,2
9,3
8,13
8,10
8,5
8,14
8,1
8,15
0,318
20,3
20,2
20,1
19,3
19,2
19,1
12,3
12,2
12,1
11,28
11,27
11,26
11,25
11,24
11,23
11,22
11,21
11,20
11,19
11,18
11,17
11,16
11,15
11,14
11,13
11,12
11,11
11,10
11,9
11,8
11,7
11,6
11,5
11,4
11,3
11,2
11,1
10,303
10,302
10,301
10,300
10,299
10,298
10,297
10,296
10,295
10,294
10,293
10,292
10,291
10,290
10,289
18,1
10,288
18,3
10,287
10,281
10,275
10,268
10,267
10,264
10,259
10,257
14,1
10,255
14,4
10,250
14,3
10,249
13,1
10,248
13,3
10,245
10,244
10,238
10,237
10,234
10,233
10,224
10,223
10,222
10,220
10,218
10,214
10,203
10,183
10,176
10,162
10,161
10,157
10,151
10,149
